3.16329743e+04 3.59929390e+03 3.56382516e+03 3.53026212e+03
 3.51491006e+03 3.49298539e+03 3.47962866e+03 3.46713072e+03
 3.43159544e+03 3.42339850e+03 3.40934672e+03 3.37550319e+03
 3.35042945e+03 3.34134498e+03 3.33094508e+03 3.30599887e+03
 3.30328559e+03 3.28915060e+03 3.27113194e+03 3.25873273e+03
 3.25250410e+03 3.23082419e+03 3.21859049e+03 3.20797778e+03
 3.18908048e+03 3.18273648e+03 3.16831331e+03 3.15627284e+03
 3.14243912e+03 3.12743399e+03 3.12388578e+03 3.11736565e+03
 3.10261369e+03 3.08510109e+03 3.08309518e+03 3.07329691e+03
 3.06191823e+03 3.05764833e+03 3.04823544e+03 3.02381859e+03
 3.01749189e+03 3.01326149e+03 3.00533235e+03 2.99595779e+03
 2.98401723e+03 2.97852125e+03 2.96537181e+03 2.95250599e+03
 2.94822849e+03 2.92866097e+03 2.91916697e+03 2.91411617e+03
 2.91010164e+03 2.89237325e+03 2.88405108e+03 2.87634375e+03
 2.87400407e+03 2.85773123e+03 2.85224015e+03 2.84655168e+03
 2.83270316e+03 2.82197249e+03 2.81458971e+03 2.80412591e+03
 2.79436653e+03 2.78124523e+03 2.77692903e+03 2.76403347e+03
 2.76123661e+03 2.74836738e+03 2.74225431e+03 2.73325242e+03
 2.72062935e+03 2.71197312e+03 2.70468714e+03 2.70093840e+03
 2.69189166e+03 2.68552389e+03 2.67700211e+03 2.67310366e+03
 2.66430393e+03 2.65574261e+03 2.64850533e+03 2.64371646e+03
 2.63131525e+03 2.62762901e+03 2.61017161e+03 2.60497019e+03
 2.59674671e+03 2.58015472e+03 2.57831738e+03 2.57389538e+03
 2.56278663e+03 2.55367616e+03 2.54821426e+03 2.53857844e+03
 2.53419972e+03 2.52767379e+03 2.51912019e+03 2.51728954e+03
 2.50274616e+03 2.49634746e+03 2.48524999e+03 2.47784621e+03
 2.46719456e+03 2.46188001e+03 2.45143021e+03 2.44514204e+03
 2.44118520e+03 2.43776576e+03 2.42346062e+03 2.41515280e+03
 2.40870872e+03 2.40343632e+03 2.39785032e+03 2.39032264e+03
 2.37638206e+03 2.37009780e+03 2.36325798e+03 2.36116135e+03
 2.35416554e+03 2.35036477e+03 2.34095729e+03 2.32574320e+03
 2.32363637e+03 2.31489350e+03 2.31092527e+03 2.30947182e+03
 2.29782354e+03 2.28306016e+03 2.28073768e+03 2.27578822e+03
 2.26827556e+03 2.25779819e+03 2.24776280e+03 2.24293209e+03
 2.23984181e+03 2.23086791e+03 2.22552021e+03 2.21314013e+03
 2.19933922e+03 2.19704560e+03 2.18975430e+03 2.18597172e+03
 2.18332485e+03 2.17743213e+03 2.16961446e+03 2.15835059e+03
 2.15228402e+03 2.14272786e+03 2.13899888e+03 2.13764932e+03
 2.13154827e+03 2.12737176e+03 2.12430155e+03 2.11289374e+03
 2.10492199e+03 2.09552815e+03 2.08984752e+03 2.08448902e+03
 2.07197064e+03 2.06702165e+03 2.06012032e+03 2.05429897e+03
 2.04484843e+03 2.04236160e+03 2.03911485e+03 2.02586619e+03
 2.02002292e+03 2.01648270e+03 2.00922090e+03 2.00615205e+03
 1.99481753e+03 1.99356820e+03 1.99254790e+03 1.97877596e+03
 1.96658167e+03 1.96334081e+03 1.95052771e+03 1.94337225e+03
 1.93662296e+03 1.93278373e+03 1.92579585e+03 1.92032390e+03
 1.91678188e+03 1.91190423e+03 1.90143630e+03 1.89307189e+03
 1.88801085e+03 1.87742672e+03 1.87076039e+03 1.86616122e+03
 1.85862113e+03 1.84790524e+03 1.84658087e+03 1.84226006e+03
 1.83595856e+03 1.82964817e+03 1.82364083e+03 1.81660490e+03
 1.80904666e+03 1.80502010e+03 1.79828786e+03 1.79775238e+03
 1.78270775e+03 1.78069064e+03 1.77701515e+03 1.76871361e+03
 1.76531595e+03 1.76143301e+03 1.75455124e+03 1.74678739e+03
 1.74203969e+03 1.73791327e+03 1.72705820e+03 1.71930259e+03
 1.71234988e+03 1.70669095e+03 1.69546819e+03 1.69076144e+03
 1.68375455e+03 1.68031725e+03 1.66741925e+03 1.65979214e+03
 1.65723943e+03 1.65657675e+03 1.64966310e+03 1.64510814e+03
 1.63672395e+03 1.63438517e+03 1.61893871e+03 1.61629495e+03
 1.61262402e+03 1.60881779e+03 1.60311440e+03 1.59142114e+03
 1.58829695e+03 1.58778650e+03 1.58101099e+03 1.57178619e+03
 1.56888178e+03 1.56117571e+03 1.55074373e+03 1.54840733e+03
 1.53933205e+03 1.53158000e+03 1.52873582e+03 1.52211141e+03
 1.51833430e+03 1.51023575e+03 1.50005945e+03 1.49677392e+03
 1.49273810e+03 1.48504428e+03 1.47815988e+03 1.46872164e+03
 1.46523048e+03 1.45521403e+03 1.44930160e+03 1.43832829e+03
 1.43332053e+03 1.42790848e+03 1.42384956e+03 1.41891230e+03
 1.40913842e+03 1.40837260e+03 1.39836438e+03 1.39678364e+03
 1.39027883e+03 1.38435798e+03 1.37969303e+03 1.36939231e+03
 1.36561166e+03 1.35848064e+03 1.35145348e+03 1.34760793e+03
 1.33734944e+03 1.33451668e+03 1.32489716e+03 1.32035679e+03
 1.31837620e+03 1.30384812e+03 1.30129080e+03 1.29406731e+03
 1.29029852e+03 1.28553640e+03 1.28167398e+03 1.27919088e+03
 1.26967913e+03 1.26647044e+03 1.25541868e+03 1.24792436e+03
 1.24622793e+03 1.23842986e+03 1.23081980e+03 1.22103871e+03
 1.21492377e+03 1.21413264e+03 1.20991094e+03 1.20065693e+03
 1.19593700e+03 1.19462358e+03 1.18747571e+03 1.18494737e+03
 1.17623544e+03 1.16974887e+03 1.15474451e+03 1.15051895e+03
 1.14882325e+03 1.14465271e+03 1.13592435e+03 1.13064974e+03
 1.12364138e+03 1.12095796e+03 1.11535157e+03 1.11395127e+03
 1.10185693e+03 1.10045514e+03 1.09426768e+03 1.08964546e+03
 1.08139513e+03 1.07548091e+03 1.07450245e+03 1.06476973e+03
 1.06323095e+03 1.05531637e+03 1.04618154e+03 1.04180384e+03
 1.03991766e+03 1.02953604e+03 1.02238506e+03 1.02141216e+03
 1.00687850e+03 1.00532330e+03 9.95916823e+02 9.89012874e+02
 9.85676286e+02 9.79284413e+02 9.71464967e+02 9.68105053e+02
 9.62794940e+02 9.54045655e+02 9.49327722e+02 9.48646111e+02
 9.40017299e+02 9.38534091e+02 9.26223673e+02 9.24351211e+02
 9.20977584e+02 9.15046534e+02 9.02163338e+02 9.01185364e+02
 8.95035021e+02 8.87337732e+02 8.81523919e+02 8.74359064e+02
 8.69856146e+02 8.60676746e+02 8.58035932e+02 8.55409853e+02
 8.51930811e+02 8.51038648e+02 8.40565279e+02 8.36757780e+02
 8.29073704e+02 8.17758271e+02 8.15852281e+02 8.13122381e+02
 8.04598590e+02 8.02562069e+02 7.96657534e+02 7.94204323e+02
 7.82374981e+02 7.77151563e+02 7.68255551e+02 7.65159454e+02
 7.60107876e+02 7.51272793e+02 7.49359171e+02 7.45135316e+02
 7.36805226e+02 7.28263084e+02 7.21685010e+02 7.14141397e+02
 7.10889804e+02 7.03554498e+02 6.98619015e+02 6.96130127e+02
 6.90178605e+02 6.83672012e+02 6.80949652e+02 6.76594438e+02
 6.74309759e+02 6.65203867e+02 6.61431204e+02 6.57352022e+02
 6.47699470e+02 6.41376541e+02 6.35179222e+02 6.30221507e+02
 6.28475433e+02 6.14266314e+02 6.11449349e+02 6.08624830e+02
 5.97845711e+02 5.93741564e+02 5.88204682e+02 5.86863352e+02
 5.70759338e+02 5.66129532e+02 5.63656000e+02 5.60371916e+02
 5.55643685e+02 5.48383573e+02 5.45084712e+02 5.39503247e+02
 5.34330248e+02 5.29025586e+02 5.21495499e+02 5.18909658e+02
 5.12522784e+02 5.05941990e+02 5.02814015e+02 4.95788991e+02
 4.92551050e+02 4.87985371e+02 4.78462258e+02 4.75846195e+02
 4.65601000e+02 4.63105879e+02 4.60592619e+02 4.48722380e+02
 4.44661620e+02 4.39659302e+02 4.30753505e+02 4.23535889e+02
 4.18288863e+02 4.16559250e+02 4.05309483e+02 4.00989050e+02
 3.94804042e+02 3.90948590e+02 3.87148257e+02 3.79352694e+02
 3.71389891e+02 3.66651299e+02 3.56004789e+02 3.50543492e+02
 3.45118135e+02 3.43211517e+02 3.39155327e+02 3.33334685e+02
 3.25944724e+02 3.21465610e+02 3.11405816e+02 3.07730524e+02
 3.05004115e+02 2.98172568e+02 2.93847005e+02 2.87768265e+02
 2.85634362e+02 2.84097656e+02 2.75188370e+02 2.72381682e+02
 2.65181387e+02 2.54759478e+02 2.49827106e+02 2.49024138e+02
 2.39628517e+02 2.30844923e+02 2.27585727e+02 2.20235688e+02
 2.15092574e+02 2.08636760e+02 2.04623609e+02 1.97778701e+02
 1.92850573e+02 1.84951950e+02 1.80079721e+02 1.77915787e+02
 1.69650480e+02 1.65627362e+02 1.57632370e+02 1.50112033e+02
 1.44690177e+02 1.42270405e+02 1.38368215e+02 1.36010125e+02
 1.27034812e+02 1.22561037e+02 1.14598213e+02 1.12220655e+02
 1.05640188e+02 9.96881052e+01 9.50868541e+01 8.88152609e+01
 8.55046081e+01 8.01072973e+01 7.40128684e+01 6.76827767e+01
 6.11581703e+01 5.39690535e+01 5.23531523e+01 4.82898951e+01
 3.97562190e+01 3.53916711e+01 3.20517625e+01 2.61921663e+01
 2.16971377e+01 1.55216426e+01 9.33761464e+00 5.90268288e+00]